Chromosome: chr14 
Length coding sequence : 5805 nucleotides.
Exon  23,902,741  23,902,941
Exon  23,902,293  23,902,436
Exon  23,901,848  23,902,004
Exon  23,901,688  23,901,715
Exon  23,900,970  23,901,078
Exon  23,900,794  23,900,886
Exon  23,900,627  23,900,690
Exon  23,900,110  23,900,208
Exon  23,899,769  23,899,872
Exon  23,898,984  23,899,122
Exon  23,898,438  23,898,556
Exon  23,898,164  23,898,313
Exon  23,897,709  23,897,879
Exon  23,896,794  23,897,103
Exon  23,896,449  23,896,516
Exon  23,895,986  23,896,073
Exon  23,895,173  23,895,290
Exon  23,894,904  23,895,027
Exon  23,894,491  23,894,627
Exon  23,893,978  23,894,233
Exon  23,893,116  23,893,358
Exon  23,892,756  23,892,932
Exon  23,891,389  23,891,534
Exon  23,890,167  23,890,257
Exon  23,889,054  23,889,443
Exon  23,888,692  23,888,818
Exon  23,888,386  23,888,504
Exon  23,887,419  23,887,615
Exon  23,886,712  23,886,895
Exon  23,886,362  23,886,527
Exon  23,886,077  23,886,201
Exon  23,885,213  23,885,521
Exon  23,884,838  23,885,041
Exon  23,884,590  23,884,715
Exon  23,884,204  23,884,479
Exon  23,883,216  23,883,311
Exon  23,882,968  23,883,102
Exon  23,882,063  23,882,080
